³¯Â¥,¾÷ºñÆ®KRW,¾÷ºñÆ®XRP,ºø½æKRW,ºø½æXRP,ÃÑXRP,ÃÑKRW
2023-10-27,1208684.81405087,4413.88000515,6155928.796527,1696.0,=C2+E2,=B2+D2
2023-10-27,1208684.81405087,4413.88000515,6155928.796527,1696.0,=C3+E3,7364613.61057787
2023-10-27 19,1208684.81405087,4413.88000515,6155928.796527,1696.0,=C4+E4,7364613.61057787
2023-10-27 20,1208684.81405087,4413.88000515,6155928.796527,1696.0,=C5+E5,7364613.61057787
2023-10-27 20,1134247.61405087,4513.88000515,6230368.796527,1596.0,=C6+E6,7364616.41057787
2023-10-27 20,763062.11405087,5013.88000515,6601658.796527,1096.0,=C7+E7,7364720.91057787
2023-10-27 21,763062.11405087,5013.88000515,6601658.796527,1096.0,=C8+E8,7364720.91057787
2023-10-27 21,688724.96405671,5113.74559654,6676028.796527,996.0,=C9+E9,7364753.76058371
2023-10-27 22,688724.96405671,5113.74559654,6676028.796527,996.0,=C10+E10,7364753.76058371
2023-10-27 22,763287.66405671,5013.74559654,6601468.796527,1096.0,=C11+E11,7364756.46058371
2023-10-27 22,688750.41405868,5113.61154828,6676028.796527,996.0,=C12+E12,7364779.21058568
2023-10-27 23,688750.41405868,5113.61154828,6676028.796527,996.0,=C13+E13,7364779.21058568
2023-10-27 23,539675.91405868,5313.61154828,6825118.796527,796.0,=C14+E14,7364794.71058568
2023-10-27 23,391001.61405868,5513.61154828,6973858.796527,596.0,=C15+E15,7364860.41058568
2023-10-28 00,391001.61405868,5513.61154828,6973858.796527,596.0,=C16+E16,7364860.41058568
2023-10-28 00,242527.41405868,5713.61154828,7122348.796527,396.0,=C17+E17,7364876.21058568
2023-10-28 00,168290.31405868,5813.61154828,7270868.796527,196.0,=C18+E18,7439159.11058568
2023-10-28 00,19816.11405868,6013.61154828,7345108.796527,96.0,=C19+E19,7364924.91058568
2023-10-28 01,19816.11405868,6013.61154828,7345108.796527,96.0,=C20+E20,7364924.91058568
2023-10-28 10,1937436.04151418,3413.61154828,5501858.796535,2596.0,=C21+E21,7439294.83804918
2023-10-28 10,2011099.19151418,3313.61154828,5428218.796535,2696.0,=C22+E22,7439317.98804918
2023-10-28 10,2084762.34151418,3213.61154828,5354568.796535,2796.0,=C23+E23,7439331.13804918
2023-10-28 10,2084762.34151418,3213.61154828,5280928.796535,2896.0,=C24+E24,7365691.13804918
2023-10-28 10,2158425.49151418,3113.61154828,5280928.796535,2896.0,=C25+E25,7439354.28804918
2023-10-28 11,2158425.49151418,3113.61154828,5280928.796535,2896.0,=C26+E26,7439354.28804918
2023-10-28 11,2158425.49151418,3113.61154828,5280928.796535,2896.0,6009.61154828,7439354.28804918
2023-10-28 11,2158425,3113,5280928,2896,6009,7439354
2023-10-28 12,2158425,3113,5280928,2896,6009,7439354
2023-10-28 13,2158425,3113,5280928,2896,6009,7439354
2023-10-28 13,2306551,2913,5132858,3096,6009,7439410
2023-10-28 14,2306551,2913,5132858,3096,6009,7439410
2023-10-28 14,2454677,2713,4984798,3296,6009,7439476
2023-10-28 14,2528740,2613,4910768,3396,6009,7439509
2023-10-28 15,2528740,2613,4910768,3396,6009,7439509
2023-10-28 15,2676866,2413,4762708,3596,6009,7439574
2023-10-28 15,2898955,2113,4540618,3896,6009,7439573
2023-10-28 15,3195206,1713,4244458,4296,6009,7439665
2023-10-28 15,3713647,1013,3726178,4996,6009,7439826
2023-10-28 15,4454276,13,2911728,6096,6109,7366005
2023-10-28 15,0,13,7374428,6096,6109,7374429
2023-10-28 16,0,6108,7374428,0,6108,7374429
2023-10-28 16,296252,5708,7078268,400,6108,7374521
2023-10-28 16,1259071,4408,6115748,1700,6108,7374819
2023-10-28 16,1999700,3408,5375348,2700,6108,7375049
2023-10-28 16,2147826,3208,5227268,2900,6108,7375095
2023-10-28 16,2740330,2408,4634948,3700,6108,7375278
2023-10-28 16,3555022,1308,3746468,4900,6208,7301491
2023-10-28 16,4517840,8,2783948,6200,6208,7301789
2023-10-28 17,4517840,8,2783948,6200,6208,7301789
2023-10-28 18,4517840,8,2783948,6200,6208,7301789
2023-10-28 19,4517840,8,2783948,6200,6208,7301789
2023-10-28 20,4517840,8,2783948,6200,6208,7301789
2023-10-28 20,4443503,108,2858318,6100,6208,7301822
2023-10-28 21,4443503,108,2858318,6100,6208,7301822
2023-10-28 21,4517866,8,2635338,6400,6408,7153205
2023-10-28 21,4443629,0,2635338,6400,6400,7078968
2023-10-28 22,4486960,50,2635338,6400,6450,7122299
2023-10-28 22,4486960,0,2635338,6400,6400,7122299
2023-10-28 22,4509000,20,2635338,6400,6420,7144339
2023-10-28 22,2965529,2100,4192276,4300,6400,7157805
2023-10-28 22,3485369,1300,3598436,5100,6400,7083805
2023-10-28 22,4525049,0,2633476,6400,6400,7158525
2023-10-28 23,4525049,0,2633476,6400,6400,7158525
2023-10-29 00,4525049,0,2633476,6400,6400,7158525
2023-10-29 01,4525049,0,2633476,6400,6400,7158525
2023-10-29 02,4525049,0,2633476,6400,6400,7158525
2023-10-29 03,4525049,0,2633476,6400,6400,7158525
2023-10-29 04,4525049,0,2633476,6400,6400,7158525
2023-10-29 05,4525049,0,2633476,6400,6400,7158525
2023-10-29 06,4525049,0,2633476,6400,6400,7158525
2023-10-29 07,4525049,0,2633476,6400,6400,7158525
2023-10-29 07,4302037,0,2782146,6200,6200,7084184
2023-10-29 07,4153563,0,2930616,6000,6000,7084179
2023-10-29 08,4153563,0,2930616,6000,6000,7084179
2023-10-29 09,4153563,0,2930616,6000,6000,7084179
2023-10-29 09,4153563,500,2930616,6000,6500,7084179
2023-10-29 09,4227526,400,2930616,6000,6400,7158142
2023-10-29 09,4227526,400,2856416,6100,6500,7083942
2023-10-29 09,4301689,300,2782226,6200,6500,7083915
2023-10-29 09,4524078,0,2633856,6400,6400,7157934
2023-10-29 10,4523555,0,2633856,6400,6400,7157412
2023-10-29 11,4523555,0,2633856,6400,6400,7157412
2023-10-29 12,4523555,0,2633856,6400,6400,7157412
2023-10-29 13,4523555,0,2633856,6400,6400,7157412
2023-10-29 14,4523555,0,2633856,6400,6400,7157412
2023-10-29 15,4523555,0,2633856,6400,6400,7157412
2023-10-29 16,4523555,0,2633856,6400,6400,7157412
2023-10-29 17,4523555,0,2633856,6400,6400,7157412
2023-10-29 18,4523555,0,2633856,6400,6400,7157412
2023-10-29 18,4373480,199,2783916,6200,6399,7157397
2023-10-29 19,4448343,99,2634276,6400,6499,7082619
2023-10-29 19,22305,0,7134276,6400,6400,7156582
2023-10-29 19,22305,0,7134276,399,399,7156582
2023-10-29 19,22305,6000,7134276,399,6399,7156582
2023-10-29 20,22305,6000,7134276,399,6399,7156582
2023-10-29 20,173030,5800,6983626,599,6399,7156656
2023-10-29 21,173030,5800,6983626,599,6399,7156656
2023-10-29 21,248492,5700,6908196,699,6399,7156688
2023-10-29 21,701166,5100,6455706,1299,6399,7156872
2023-10-29 21,701166,5100,6380276,1399,6499,7081442
2023-10-29 21,1455788,4100,5701396,2299,6399,7157184
2023-10-29 21,1606713,3900,5550536,2499,6399,7157249
2023-10-29 21,1833100,3600,5324246,2799,6399,7157346
2023-10-29 21,1833100,3600,5323490,2800,6400,7156590
2023-10-29 21,1908462,3500,5248060,2900,6400,7156523
2023-10-29 22,1908462,3500,5248060,2900,6400,7156523
2023-10-29 22,2059187,3300,5097400,3100,6400,7156587
2023-10-29 22,2662085,2500,4494800,3900,6400,7156886
2023-10-29 22,2812810,2300,4344120,4100,6400,7156930
2023-10-29 22,2737572,2400,4419340,4000,6400,7156913
2023-10-29 22,2962959,2100,4193970,4300,6400,7156930
2023-10-29 23,2962959,2100,4193970,4300,6400,7156930
2023-10-29 23,3038222,2000,4118730,4400,6400,7156952
2023-10-30 00,3038222,2000,4118730,4400,6400,7156952
2023-10-30 00,3490995,1400,3666150,5000,6400,7157146
2023-10-30 00,4319980,300,2837520,6100,6400,7157501
2023-10-30 00,4546067,0,2536200,6500,6500,7082268
2023-10-30 01,4546067,0,2536200,6500,6500,7082268
2023-10-30 02,4546067,0,2536200,6500,6500,7082268
2023-10-30 03,4546067,0,2536200,6500,6500,7082268
2023-10-30 04,4546067,0,2536200,6500,6500,7082268
2023-10-30 05,4546067,0,2536200,6500,6500,7082268
2023-10-30 06,4546067,0,2536200,6500,6500,7082268
2023-10-30 07,4546067,0,2536200,6500,6500,7082268
2023-10-30 07,4243340,400,2913550,6000,6400,7156891
2023-10-30 08,4243340,400,2913550,6000,6400,7156891
2023-10-30 09,4243340,400,2913550,6000,6400,7156891
2023-10-30 09,4469727,100,3441410,5300,5400,7911138
2023-10-30 09,3714350,1100,3441410,5300,6400,7155760
2023-10-30 10,4391711,200,2763940,6200,6400,7155652
2023-10-30 10,4467073,100,2688620,6300,6400,7155694
2023-10-30 11,4467073,100,2688620,6300,6400,7155694
2023-10-30 12,4467073,100,2688620,6300,6400,7155694
2023-10-30 12,4466371,100,2688580,6300,6400,7154952
2023-10-30 12,4539628,0,2612960,6400,6400,7152589
2023-10-30 13,4539628,0,2612960,6400,6400,7152589
2023-10-30 14,4539628,0,2612960,6400,6400,7152589
2023-10-30 15,4539628,0,2612960,6400,6400,7152589
2023-10-30 15,4464691,99,2687880,6300,6399,7152572
2023-10-30 16,4464691,99,2687880,6300,6399,7152572
2023-10-30 17,4464691,99,2687880,6300,6399,7152572
2023-10-30 17,4463990,99,2762920,6200,6299,7226911
2023-10-30 17,4161889,500,2612751,6400,6900,6774640
2023-10-30 17,4461263,100,1936491,7300,7400,6397754
2023-10-30 17,4235550,400,1936491,7300,7700,6172042
2023-10-30 17,4310713,300,1861301,7400,7700,6172014
2023-10-30 17,4461362,100,1634921,7700,7800,6096283
2023-10-30 17,4532367,0,203891,9600,9600,4736258
2023-10-30 17,3777990,1000,7358261,100,1100,11136251
2023-10-30 18,3777990,1000,7358261,100,1100,11136251
2023-10-30 18,3928715,800,7207481,300,1100,11136196
2023-10-30 18,4531613,0,6604351,1100,1100,11135964
2023-10-30 18,528112,5300,6604351,1100,6400,7132464
2023-10-30 18,603575,5200,6528941,1200,6400,7132516
2023-10-30 18,1282735,4300,5850101,2100,6400,7132836
2023-10-30 18,1358197,4200,5774701,2200,6400,7132898
2023-10-30 18,2339206,2900,4794161,3500,6400,7133368
2023-10-30 18,3169291,1800,3964431,4600,6400,7133722
2023-10-30 18,3546602,1300,3587231,5100,6400,7133834
2023-10-30 18,4454548,100,2679641,6300,6400,7134190
2023-10-30 18,4530510,0,2603651,6400,6400,7134162
2023-10-30 18,1579510,0,2603651,6400,6400,4183162
2023-10-30 18,1579510,0,5553651,6400,6400,7133162
2023-10-30 18,4466066,100,2668491,6299,6399,7134558
2023-10-30 19,4542028,0,2592571,6399,6399,7134600
2023-10-30 19,4466190,100,2668391,6299,6399,7134582
2023-10-30 19,4541752,0,2592841,6399,6399,7134594
2023-10-30 19,40752,0,2592841,6399,6399,2633594
2023-10-30 20,40752,0,7092842,6399,6399,7133595
2023-10-30 20,647649,5100,6486192,1298,6398,7133841
2023-10-30 20,798973,4900,6334922,1498,6398,7133896
2023-10-30 20,874635,4800,6259282,1598,6398,7133918
2023-10-30 20,1101622,4500,6032392,1898,6398,7134014
2023-10-30 20,2009567,3300,5124832,3098,6398,7134400
2023-10-30 20,2766189,2300,4368532,4098,6398,7134721
2023-10-30 20,3749797,1000,3385342,5398,6398,7135139
2023-10-30 20,4506418,0,2629042,6398,6398,7135461
2023-10-30 21,4506418,0,2629042,6398,6398,7135461
2023-10-30 22,4506418,0,2629042,6398,6398,7135461
2023-10-30 23,4506418,0,2629042,6398,6398,7135461
2023-10-30 23,4425569,100,2708802,6298,6398,7134372
2023-10-30 23,4504030,0,2630352,6398,6398,7134383
2023-10-31 00,4504030,0,2630352,6398,6398,7134383
2023-10-31 01,4504030,0,2630352,6398,6398,7134383
2023-10-31 02,4504030,0,2630352,6398,6398,7134383
2023-10-31 02,4426011,98,2709742,6298,6396,7135754
2023-10-31 02,3643620,1097,3492142,5298,6395,7135763
2023-10-31 03,3643620,1097,3492142,5298,6395,7135763
2023-10-31 03,3879103,797,3256782,5598,6395,7135885
2023-10-31 03,4428328,97,2707922,6298,6395,7136250
2023-10-31 04,4428328,97,2707922,6298,6395,7136250
2023-10-31 05,4428328,97,2707922,6298,6395,7136250
2023-10-31 05,491360,5097,7433622,298,5395,7924983
2023-10-31 06,491360,5097,7433622,298,5395,7924983
2023-10-31 06,570021,4997,7354992,398,5395,7925014
2023-10-31 06,648582,4897,7276472,498,5395,7925054
2023-10-31 06,727142,4797,7197942,598,5395,7925085
2023-10-31 06,884064,4597,7041092,798,5395,7925156
2023-10-31 06,1354828,3997,6570612,1398,5395,7925441
2023-10-31 06,2217897,2897,5708062,2498,5395,7925959
2023-10-31 07,2217897,2897,5708062,2498,5395,7925959
2023-10-31 07,648112,4896,7277262,498,5394,7925375
2023-10-31 08,648112,4896,7277262,498,5394,7925375
2023-10-31 08,648112,4896,6877524,1008,5904,7525637
2023-10-31 08,334355,5296,6877524,1008,6304,7211880
2023-10-31 09,334355,5296,6877524,1008,6304,7211880
2023-10-31 09,412616,5196,6799284,1108,6304,7211901
2023-10-31 09,569138,4996,6642844,1308,6304,7211982
2023-10-31 09,647399,4896,6564624,1408,6304,7212023
2023-10-31 09,804520,4696,6407564,1608,6304,7212085
2023-10-31 09,961542,4496,6250544,1808,6304,7212086
2023-10-31 09,1354345,3996,5857954,2308,6304,7212300
2023-10-31 09,1825709,3396,5386764,2908,6304,7212474
2023-10-31 09,1904270,3296,5308234,3008,6304,7212505
2023-10-31 09,2296974,2796,4915704,3508,6304,7212678
2023-10-31 09,2532556,2496,4680224,3808,6304,7212780
2023-10-31 09,3475284,1296,3738174,5008,6304,7213459
2023-10-31 10,4418013,96,2795994,6208,6304,7214007
2023-10-31 10,4417834,96,2717674,6308,6404,7135509
2023-10-31 11,4417834,96,2717674,6308,6404,7135509
2023-10-31 12,4417834,96,2717674,6308,6404,7135509
2023-10-31 13,4417834,96,2717674,6308,6404,7135509
2023-10-31 14,4417834,96,2717674,6308,6404,7135509
2023-10-31 15,4417834,96,2717674,6308,6404,7135509
2023-10-31 16,4417834,96,2717674,6308,6404,7135509
2023-10-31 16,3645448,1094,3490074,5308,6402,7135523
2023-10-31 17,4418062,94,2717774,6308,6402,7135836
2023-10-31 17,109702,5693,7026824,708,6401,7136527
2023-10-31 17,187063,5593,6949484,808,6401,7136548
2023-10-31 17,264424,5493,6872134,908,6401,7136559
2023-10-31 17,419147,5293,6717464,1108,6401,7136612
2023-10-31 17,496608,5193,6639924,1208,6401,7136533
2023-10-31 18,496608,5193,6639924,1208,6401,7136533
2023-10-31 18,574169,5093,6562274,1308,6401,7136444
2023-10-31 18,1351680,4093,5785074,2308,6401,7136755
2023-10-31 18,1662725,3693,5474194,2708,6401,7136920
2023-10-31 18,103946,5692,7034194,708,6400,7138141
2023-10-31 18,181907,5592,6956174,808,6400,7138082
2023-10-31 19,181907,5592,6956174,808,6400,7138082
2023-10-31 19,572211,5092,6566064,1308,6400,7138276
2023-10-31 19,650272,4992,6487954,1408,6400,7138227
2023-10-31 19,806594,4792,6331704,1608,6400,7138299
2023-10-31 19,1041077,4492,6097374,1908,6400,7138452
2023-10-31 19,1119238,4392,6019264,2008,6400,7138503
2023-10-31 19,1667064,3692,5549944,2608,6300,7217009
2023-10-31 19,2136629,3092,5080604,3208,6300,7217234
2023-10-31 19,2529932,2592,4687504,3708,6300,7217437
2023-10-31 19,3080557,1892,4137154,4408,6300,7217712
2023-10-31 19,3238578,1692,3979094,4608,6300,7217673
2023-10-31 20,1239928,91,5898062,6308,6399,7137990
2023-10-31 20,1239094,92,5901033,6308,6400,7140127
2023-10-31 20,1239094,2392,5901033,4007,6399,7140127
2023-10-31 20,1401612,2192,5738513,206,2398,7140126
2023-10-31 20,1726750,1792,5413363,606,2398,7140113
2023-10-31 20,1808009,1692,5332073,706,2398,7140083
2023-10-31 20,1808009,5692,5332073,706,6398,7140083
2023-10-31 20,2459183,4892,4681544,1506,6398,7140728
2023-10-31 20,2865880,4392,4275214,2006,6398,7141094
2023-10-31 20,3352337,3792,3789396,2606,6398,7141733
2023-10-31 20,3595415,3492,3546386,2906,6398,7141801
2023-10-31 20,4001512,2992,3140776,3406,6398,7142288
2023-10-31 20,4814105,1992,2329636,4406,6398,7143741
2023-10-31 20,5220302,1492,1923966,4906,6398,7144268
2023-10-31 20,6359832,92,785497,6306,6398,7145329
2023-10-31 20,6433605,2,711692,6396,6398,7145297
2023-10-31 21,6351464,102,748584,6351,6453,7100049
2023-10-31 21,6268405,202,624760,6501,6703,6893166
2023-10-31 21,6433523,2,459451,6701,6703,6892974
2023-10-31 21,432523,2,6459451,6701,6703,6891974
2023-10-31 21,432523,3002,6459451,3700,6702,6891974
2023-10-31 21,759059,2602,6132971,4100,6702,6892031
2023-10-31 21,840718,2502,6051331,4200,6702,6892050
2023-10-31 21,22309,3502,7687939,2200,5702,7710249
2023-10-31 21,22309,3502,7933369,1900,5402,7955679
2023-10-31 21,22309,3502,6300169,3900,7402,6322479
2023-10-31 21,22309,3502,6399895,3777,7279,6422205
2023-10-31 21,22309,3502,7033228,3000,6502,7055538
2023-10-31 21,22309,3502,7114708,2900,6402,7137018
2023-10-31 22,22309,3502,7114708,2900,6402,7137018
2023-10-31 22,185528,3302,6951448,3100,6402,7136976
2023-10-31 22,511864,2902,6624967,3500,6402,7136832
2023-10-31 22,674983,2702,6461907,3700,6402,7136890
2023-10-31 22,757042,2602,6379877,3800,6402,7136919
2023-10-31 22,839101,2502,6297857,3900,6402,7136958
2023-10-31 22,920003,2402,6216887,4000,6402,7136891
2023-10-31 23,920003,2402,6216887,4000,6402,7136891
2023-10-31 23,1081023,2202,6055817,4200,6402,7136840
2023-10-31 23,1081023,2202,5054817,4200,6402,6135840
2023-10-31 23,1161782,2102,4974017,4300,6402,6135800
2023-10-31 23,2242542,2002,4893177,4400,6402,7135719
2023-10-31 23,2323501,1902,4812167,4500,6402,7135669
2023-10-31 23,2485520,1702,4650107,4700,6402,7135628
2023-10-31 23,1674115,2702,5461407,3700,6402,7135522
2023-10-31 23,1915794,2402,5219797,4000,6402,7135591
2023-10-31 23,1996154,2302,5139437,4100,6402,7135591
2023-10-31 23,2076613,2202,5059017,4200,6402,7135631
2023-10-31 23,2237433,2002,4898287,4400,6402,7135720
2023-10-31 23,1432031,3000,5703887,3400,6401,7135918
2023-11-01 00,1432031,3000,5703887,3400,6401,7135918
2023-11-01 00,1592150,2800,5543887,3600,6401,7136038
2023-11-01 00,2311291,1900,4825037,4500,6401,7136328
2023-11-01 00,947053,3599,6991387,1800,5400,7938441
2023-11-01 00,1026814,3499,6911587,1900,5400,7938401
2023-11-01 00,1983935,2299,5953907,3100,5400,7937842
2023-11-01 00,2941056,1099,4995437,4300,5400,7936493
2023-11-01 00,3658897,199,4276737,5200,5400,7935634
2023-11-01 01,3658897,199,4276737,5200,5400,7935634
2023-11-01 02,3658897,199,4276737,5200,5400,7935634
2023-11-01 03,3658897,199,4276737,5200,5400,7935634
2023-11-01 04,3658897,199,4276737,5200,5400,7935634
2023-11-01 05,3658897,199,4276737,5200,5400,7935634
2023-11-01 06,3658897,199,4276737,5200,5400,7935634
2023-11-01 06,3657090,199,3470237,6200,6400,7127328
2023-11-01 07,3657090,199,3470237,6200,6400,7127328
2023-11-01 07,2848686,1198,4278937,5200,6399,7127624
2023-11-01 07,3091565,898,4036157,5500,6399,7127722
2023-11-01 07,1474757,2897,5653367,3500,6397,7128124
2023-11-01 08,1474757,2897,5653367,3500,6397,7128124
2023-11-01 08,1555916,2797,5572247,3600,6397,7128164
2023-11-01 08,2367510,1797,4761037,4600,6397,7128548
2023-11-01 08,2610988,1497,4517657,4900,6397,7128646
2023-11-01 08,3750518,97,3376987,6300,6397,7127506
2023-11-01 09,3750518,97,3376987,6300,6397,7127506
2023-11-01 10,3750518,97,3376987,6300,6397,7127506
2023-11-01 11,3750518,97,3376987,6300,6397,7127506
2023-11-01 12,3750518,97,3376987,6300,6397,7127506
2023-11-01 13,3750518,97,3376987,6300,6397,7127506
2023-11-01 13,3782642,57,3344856,6340,6397,7127499
2023-11-01 14,3822802,7,3304722,6390,6397,7127525
2023-11-01 15,3822802,7,3304722,6390,6397,7127525
2023-11-06 16,3579608,95,3550415,6298,6393,7130023
2023-11-06 17,3579608,95,3550415,6298,6393,7130023
2023-11-06 18,3579608,95,3550415,6298,6393,7130023
2023-11-06 18,2569658,1195,4561615,5198,6393,7131273
2023-11-06 18,2753366,995,4377965,5398,6393,7131331
2023-11-06 18,3583607,94,3549435,6298,6392,7133042
2023-11-06 18,2479716,1294,4654585,5098,6392,7134301
2023-11-06 19,3216947,494,3917704,5898,6392,7134651
2023-11-06 19,3585163,94,3549684,6298,6392,7134847
2023-11-06 19,2660701,1094,4474187,5298,6392,7134889
2023-11-06 19,3584539,94,3550677,6298,6392,7135217
2023-11-06 19,2852325,894,4283997,5498,6392,7136322
2023-11-06 19,63931,3894,7072796,2498,6392,7136727
2023-11-06 19,1271027,2594,5866286,3798,6392,7137313
2023-11-06 19,1363881,2494,5773496,3898,6392,7137377
2023-11-06 19,1363881,2394,5773496,3898,6292,7137377
2023-11-06 19,3404460,294,3734169,6098,6392,7138630
2023-11-06 20,588967,94,6548759,6298,6392,7137727
2023-11-06 20,588967,6294,6548759,97,6391,7137727
2023-11-06 20,773475,6094,6364339,297,6391,7137815
2023-11-06 20,1236743,5594,5901309,797,6391,7138053
2023-11-06 20,1329397,5494,5808679,897,6391,7138077
2023-11-06 20,1421951,5394,5716129,997,6391,7138080
2023-11-06 20,1514404,5294,5623779,1097,6391,7138184
2023-11-06 20,2716303,3994,4422479,2397,6391,7138783
2023-11-06 20,2993564,3694,4145329,2697,6391,7138894
2023-11-06 20,3178372,3494,3960549,2897,6391,7138922
2023-11-06 20,3732995,2894,3406199,3497,6391,7139194
2023-11-06 20,3917902,2694,3221379,3697,6391,7139282
2023-11-06 20,4194963,2394,2944389,3997,6391,7139353
2023-11-06 20,4748986,1794,2390589,4597,6391,7139576
2023-11-06 20,3916678,2694,3222599,3697,6391,7139278
2023-11-06 20,1135288,5693,6006399,697,6390,7141688
2023-11-06 20,1693009,5093,5449089,1297,6390,7142099
2023-11-06 20,764545,6093,6377489,297,6390,7142035
2023-11-06 20,950952,5893,6191089,497,6390,7142042
2023-11-06 20,1230712,5593,5911449,797,6390,7142162
2023-11-06 20,1510472,5293,5631789,1097,6390,7142262
2023-11-06 20,1697279,5093,5444969,1297,6390,7142248
2023-11-06 20,764813,6093,6377469,297,6390,7142282
2023-11-06 21,764813,6093,6377469,297,6390,7142282
2023-11-06 21,858666,5993,6377469,297,6290,7236135
2023-11-06 21,952619,5893,6189710,497,6390,7142329
2023-11-06 21,1328830,5493,5813710,897,6390,7142541
2023-11-06 21,1610989,5193,5531635,1197,6390,7142625
2023-11-06 21,1798595,4993,5344035,1397,6390,7142631
2023-11-06 21,2739025,3993,4403985,2397,6390,7143011
2023-11-06 21,2926531,3793,4216585,2597,6390,7143117
2023-11-06 21,3113838,3593,4029355,2797,6390,7143193
2023-11-06 21,1240902,5593,5902555,797,6390,7143457
2023-11-06 21,1803520,4993,5340095,1397,6390,7143616
2023-11-06 21,2559098,4193,4584765,2197,6390,7143864
2023-11-06 21,3314720,3393,3829535,2997,6390,7144256
2023-11-06 21,4164795,2493,2979945,3897,6390,7144741
2023-11-06 21,5109023,1493,2036225,4897,6390,7145248
2023-11-06 21,6433960,93,711895,6297,6390,7145856
2023-11-06 21,1595886,5193,5550835,1197,6390,7146722
2023-11-06 21,2167200,4593,4979725,1797,6390,7146926
2023-11-06 21,2452558,4293,4694395,2097,6390,7146953
2023-11-06 21,2547510,4193,4599395,2197,6390,7146906
2023-11-06 21,3023772,3693,4123175,2697,6390,7146948
2023-11-06 21,2163447,4593,4982295,1797,6390,7145743
2023-11-06 21,1208970,5593,5936695,797,6390,7145666
2023-11-06 21,1495626,5293,5650135,1097,6390,7145762
2023-11-06 21,542150,6293,6603635,97,6390,7145786
2023-11-06 21,637202,6193,6508545,197,6390,7145748
2023-11-06 21,1686078,5093,5460245,1297,6390,7146323
2023-11-06 21,2449096,4293,4697795,2097,6390,7146892
2023-11-06 21,1499621,5293,5647395,1097,6390,7147017
2023-11-06 21,1784479,4993,5362645,1397,6390,7147125
2023-11-06 21,2259741,4493,4887565,1897,6390,7147307
2023-11-06 21,2735003,3993,4412525,2397,6390,7147529
2023-11-06 21,3685528,2993,3462395,3397,6390,7147924
2023-11-06 21,3780580,2893,3367385,3497,6390,7147966
2023-11-06 21,4065738,2493,3082355,3797,6290,7148093
2023-11-06 21,4160790,2493,2987345,3897,6390,7148136
2023-11-06 22,4160790,2493,2987345,3897,6390,7148136
2023-11-06 22,1294358,4493,5854345,897,5390,7148703
2023-11-06 22,1294358,5493,5854345,897,6390,7148703
2023-11-06 22,1484463,5293,5664325,1097,6390,7148788
2023-11-06 22,1674468,5093,5474335,1297,6390,7148803
2023-11-06 22,1769520,4993,5379325,1397,6390,7148846
2023-11-06 22,2813398,3893,4336035,2497,6390,7149434
2023-11-06 22,2908050,3793,4241385,2597,6390,7149436
2023-11-06 22,1014104,5793,6134385,597,6390,7148490
2023-11-06 22,1297762,5493,5850905,897,6390,7148668
2023-11-06 22,1581420,5193,5567405,1197,6390,7148826
2023-11-06 22,1959531,4793,5189385,1597,6390,7148917
2023-11-06 22,2810396,3893,4338945,2497,6390,7149342
2023-11-06 22,2999302,3693,4150135,2697,6390,7149437
2023-11-06 22,3281461,3393,3868135,2997,6390,7149596
2023-11-06 22,3375713,3293,3773915,3097,6390,7149629
2023-11-06 22,4130036,2493,3020215,3897,6390,7150252
2023-11-06 22,5356822,1193,1794105,5197,6390,7150928
2023-11-06 22,6396003,93,745848,6307,6400,7141851
2023-11-06 22,5447529,1093,1694148,5307,6400,7141677
2023-11-06 22,705159,6093,6437348,307,6400,7142507
2023-11-06 23,705159,6093,6437348,307,6400,7142507
2023-11-06 23,802110,5993,6340438,407,6400,7142549
2023-11-06 23,996013,5793,6146618,607,6400,7142632
2023-11-06 23,2256383,4493,4887038,1907,6400,7143421
2023-11-06 23,2936442,3793,4207368,2607,6400,7143811
2023-11-06 23,3714253,2993,3429848,3407,6400,7144102
2023-11-06 23,4687766,1993,2457168,4407,6400,7144935
2023-11-06 23,6245387,393,900558,6007,6400,7145946
2023-11-06 23,4793169,1891,2355043,4507,6398,7148212
2023-11-06 23,4986872,1691,2161423,4707,6398,7148296
2023-11-06 23,5083924,1591,2161423,4707,6298,7245347
2023-11-06 23,708777,6070,6444244,307,6378,7153022
2023-11-07 00,708777,6070,6444244,307,6378,7153022
2023-11-07 00,1094584,5670,6058574,707,6378,7153159
2023-11-07 00,1673295,5070,5480104,1307,6378,7153399
2023-11-07 00,1865899,4870,5287504,1507,6378,7153403
2023-11-07 00,905419,5870,6248204,507,6378,7153623
2023-11-07 00,1097922,5670,6055764,707,6378,7153687
2023-11-07 00,1386578,5370,5767244,1007,6378,7153822
2023-11-07 00,1482830,5270,5671094,1107,6378,7153924
2023-11-07 00,2060341,4670,5093854,1707,6378,7154195
2023-11-07 00,2252845,4470,4901414,1907,6378,7154259
2023-11-07 00,2541600,4170,4612844,2207,6378,7154445
2023-11-07 00,2637952,4070,4516474,2307,6378,7154426
2023-11-07 00,3023359,3670,4131294,2707,6378,7154654
2023-11-07 00,3119611,3570,4034984,2807,6378,7154595
2023-11-07 00,3215963,3470,3938664,2907,6378,7154627
2023-11-07 00,1293002,5470,5861864,907,6378,7154866
2023-11-07 00,1872312,4870,5282794,1507,6378,7155106
2023-11-07 00,2451222,4270,4704174,2107,6378,7155397
2023-11-07 00,2740877,3970,4414804,2407,6378,7155682
2023-11-07 00,3126684,3570,4029144,2807,6378,7155829
2023-11-07 00,3608943,3070,3547104,3307,6378,7156048
2023-11-07 00,3994750,2670,3161474,3707,6378,7156225
2023-11-07 00,2059783,4670,5096874,1707,6378,7156658
2023-11-07 00,1094301,5670,6062574,707,6378,7156875
2023-11-07 00,1190952,5570,5965964,807,6378,7156917
2023-11-07 00,1287704,5470,5869214,907,6378,7156918
2023-11-07 00,1384256,5370,5772704,1007,6378,7156960
2023-11-07 00,1577359,5170,5579664,1207,6378,7157024
2023-11-07 00,1769863,4970,5387224,1407,6378,7157087
2023-11-07 00,1865715,4870,5291364,1507,6378,7157079
2023-11-07 00,2152971,4570,5004224,1807,6378,7157196
2023-11-07 00,1194492,5570,5962824,807,6378,7157317
2023-11-07 00,1290044,5470,5867294,907,6378,7157339
2023-11-07 00,1385796,5370,5771534,1007,6378,7157331
2023-11-07 00,1672653,5070,5484794,1307,6378,7157447
2023-11-07 00,2245067,4470,4912614,1907,6378,7157681
2023-11-07 00,2340619,4370,4817114,2007,6378,7157733
2023-11-07 00,1385141,5370,5772714,1007,6378,7157856
2023-11-07 00,425662,6369,6732614,7,6376,7158276
2023-11-07 01,425662,6369,6732614,7,6376,7158276
2023-11-07 01,710219,6069,6448194,307,6376,7158414
2023-11-07 01,804772,5969,6353694,407,6376,7158467
2023-11-07 01,899425,5869,6259024,507,6376,7158449
2023-11-07 01,994877,5769,6163584,607,6376,7158461
2023-11-07 01,1090129,5669,6068364,707,6376,7158494
2023-11-07 01,1185382,5569,5973084,807,6376,7158466
2023-11-07 01,1185382,5469,5973084,807,6276,7158466
2023-11-07 01,1565192,5169,5593474,1207,6376,7158666
2023-11-07 01,1755097,4969,5403644,1407,6376,7158741
2023-11-07 01,2229859,4469,4929114,1907,6376,7158974
2023-11-07 01,2514717,4169,4644384,2207,6376,7159101
2023-11-07 01,2704622,3969,4454564,2407,6376,7159186
2023-11-07 01,2799674,3869,4359474,2507,6376,7159149
2023-11-07 02,2799674,3869,4359474,2507,6376,7159149
2023-11-07 02,2894627,3769,4264514,2607,6376,7159141
2023-11-07 02,2989479,3669,4169664,2707,6376,7159144
2023-11-07 02,3179784,3469,3979474,2907,6376,7159258
2023-11-07 02,3274936,3369,3884354,3007,6376,7159291
2023-11-07 02,3750099,2869,3409324,3507,6376,7159423
2023-11-07 02,4129809,2469,3029704,3907,6376,7159513
2023-11-07 02,5641053,869,1613154,5407,6276,7254207
2023-11-07 02,6396175,69,763624,6307,6376,7159799
2023-11-07 03,4498226,2069,2661545,4307,6376,7159772
2023-11-07 03,3549752,3068,3610077,3307,6375,7159830
2023-11-07 04,3549752,3068,3610077,3307,6375,7159830
2023-11-07 04,3833411,2768,3420737,3507,6275,7254149
2023-11-07 04,5347453,1168,1905517,5107,6275,7252971
2023-11-07 04,6388632,68,864137,6207,6275,7252770
2023-11-07 05,6388632,68,864137,6207,6275,7252770
2023-11-07 06,6388632,68,864137,6207,6275,7252770
2023-11-07 06,5808656,668,1444397,5607,6275,7253054
2023-11-07 07,6388566,68,864747,6207,6275,7253314
2023-11-07 07,6388566,68,744122,6332,6400,7132689
2023-11-07 07,607677,6068,6522222,332,6400,7129900
2023-11-07 07,703829,5968,6426102,432,6400,7129932
2023-11-07 07,799981,5868,6329972,532,6400,7129954
2023-11-07 07,1376892,5268,5753272,1132,6400,7130165
2023-11-07 07,417413,6268,6712972,132,6400,7130386
2023-11-07 08:00:00,417413,6268,6712972,132,6400,7130386
2023-11-07 08,1566438,5068,5564444,1332,6400,7130882
2023-11-07 08,1662090,4968,5468754,1432,6400,7130844
2023-11-07 08,1949046,4668,5181954,1732,6400,7131001
2023-11-07 08,2331555,4268,4799514,2132,6400,7131069
2023-11-07 08,2427007,4168,4704004,2232,6400,7131012
2023-11-07 08,2522460,4068,4608594,2332,6400,7131054
2023-11-07 08,3955743,2568,3175966,3832,6400,7131709
2023-11-07 08,4051295,2368,3080456,3932,6300,7131751
2023-11-07 08,4625208,1868,2506816,4532,6400,7132024
2023-11-07 08,6346946,68,785966,6332,6400,7132912
2023-11-07 08,638093,6068,6495766,332,6400,7133859
2023-11-07 09,638093,6068,6495766,332,6400,7133859
2023-11-07 09,1017304,5668,6116766,732,6400,7134070
2023-11-07 09,1870077,4768,5264384,1632,6400,7134462
2023-11-07 09,2343740,4268,4791014,2132,6400,7134755
2023-11-07 09,3101561,3468,4033534,2932,6400,7135096
2023-11-07 09,3479372,3068,3656114,3332,6400,7135487
2023-11-07 09,3953135,2568,3182574,3832,6400,7135710
2023-11-07 09,4237393,2268,2898474,4132,6400,7135867
2023-11-07 09,4995114,1468,2140894,4932,6400,7136008
2023-11-07 09,5847887,568,1288354,5832,6400,7136242
2023-11-07 09,6322150,68,814311,6332,6400,7136461
2023-11-07 09,659320,6065,6477239,332,6397,7136559
2023-11-07 09,1502898,5165,5635369,1232,6397,7138267
2023-11-07 09,3921288,2565,3225897,3832,6397,7147185
2023-11-07 09,5029933,1365,2120180,5032,6397,7150114
2023-11-07 09,488945,6265,6684603,132,6397,7173548
2023-11-07 09,580499,6165,6593113,232,6397,7173613
2023-11-07 09,763207,5965,6410513,432,6397,7173721
2023-11-07 09,398080,6365,6777753,32,6397,7175833
2023-11-07 09,941408,5765,6234743,632,6397,7176152
2023-11-07 09,1306125,5365,5869953,1032,6397,7176079
2023-11-07 09,1488634,5165,5687513,1232,6397,7176148
2023-11-07 09,1853751,4765,5322553,1632,6397,7176305
2023-11-07 09,939294,5765,6236879,632,6397,7176174
2023-11-07 09,1305111,5365,5871292,1032,6397,7176404
2023-11-07 09,1579274,5065,5597042,1332,6397,7176317
2023-11-07 09,663817,6065,6512542,332,6397,7176360
2023-11-07 09,1303997,5365,5872682,1032,6397,7176679
2023-11-07 09,1486905,5165,5689722,1232,6397,7176628
2023-11-07 09,753655,5965,6424622,432,6397,7178278
2023-11-07 09,1214425,5465,5964062,932,6397,7178487
2023-11-07 09,1490687,5165,5687852,1232,6397,7178539
2023-11-07 09,1675694,4965,5502812,1432,6397,7178507
2023-11-07 09,748231,5965,6430112,432,6397,7178343
2023-11-07 09,1489160,5165,5782122,1132,6297,7271283
2023-11-07 09,1951929,4665,5227062,1732,6397,7178991
2023-11-07 10,2044182,4565,5134872,1832,6397,7179055
2023-11-07 10,2136236,4465,5042872,1932,6397,7179109
2023-11-07 10,2412398,4165,4766822,2232,6397,7179221
2023-11-07 10,1492939,5165,5686322,1232,6397,7179261
2023-11-07 10,1677446,4965,5501902,1432,6397,7179349
2023-11-07 10,2232169,4365,4947392,2032,6397,7179561
2023-11-07 10,2417276,4165,4762401,2232,6397,7179678
2023-11-07 10,4359105,2065,2821671,4332,6397,7180777
2023-11-07 10,4636266,1765,2544571,4632,6397,7180838
2023-11-07 10,5279515,1065,1901278,5332,6397,7180793
2023-11-07 10,6208350,65,972698,6332,6397,7181048
2023-11-07 10,6205146,65,976638,6332,6397,7181785
2023-11-07 10,6205146,65,972592,6336,6402,7177738
2023-11-07 10,6205146,65,974612,6334,6400,7179758
2023-11-07 11,6205146,65,974612,6334,6400,7179758
2023-11-07 11,2204146,65,4974612,6334,6400,7178758
2023-11-07 11,2204146,4065,4973349,2334,6400,7177496
2023-11-07 11,2387254,3865,4790309,2534,6400,7177564
2023-11-07 11,2845025,3365,4332829,3034,6400,7177855
2023-11-07 11,4859218,1165,2319969,5234,6400,7179187
2023-11-07 11,5866314,65,1313499,6334,6400,7179814
2023-11-07 12,5866314,65,1313499,6334,6400,7179814
2023-11-07 12,327546,6065,6851853,334,6400,7179400
2023-11-07 12,327546,6065,6851786,334,6400,7179333
2023-11-07 12,419700,5965,6759666,434,6400,7179367
2023-11-07 12,511854,5865,6667576,534,6400,7179431
2023-11-07 12,603908,5765,6575556,634,6400,7179465
2023-11-07 12,695962,5665,6483536,734,6400,7179499
2023-11-07 12,879970,5465,6299526,934,6400,7179497
2023-11-07 12,1156131,5165,6023496,1234,6400,7179628
2023-11-07 12,1340239,4965,5839466,1434,6400,7179706
2023-11-07 13,1340239,4965,5839466,1434,6400,7179706
2023-11-07 13,3271273,2865,3909396,3534,6400,7180670
2023-11-07 13,5570123,365,1611846,6034,6400,7181970
2023-11-07 13,5845985,65,1336126,6334,6400,7182112
2023-11-07 13:53,5845985,65,1336126,6334,6400,7182112
2023-11-07 13:54,5845985,65,1336126,6334,6400,7182112
2023-11-07 13:55,5845985,65,1336126,6334,6400,7182112
2023-11-07 13:56,5845985,65,1336126,6334,6400,7182112
2023-11-07 13:57,5845985,65,1336126,6334,6400,7182112
2023-11-07 14:04,5845985,65,1336126,6334,6400,7182112
2023-11-07 14:07,5845985,65,1336126,6334,6400,7182112
2023-11-07 14:11,5845985,65,1336126,6334,6400,7182112
2023-11-07 14:12,5845985,65,1336126,6334,6400,7182112
2023-11-07 14:13,5845985,65,1336126,6334,6400,7182112
2023-11-07 14:14,5845985,65,1336126,6334,6400,7182112
2023-11-07 14:15,5845985,65,1336126,6334,6400,7182112
2023-11-07 14:16,5845985,65,1336126,6334,6400,7182112
2023-11-07 14:17,5845985,65,1336126,6334,6400,7182112
2023-11-07 14:18,5845985,65,1336126,6334,6400,7182112
2023-11-07 14:19,5845985,65,1336126,6334,6400,7182112
2023-11-07 14:20,5845985,65,1336126,6334,6400,7182112
2023-11-07 14:21,5845985,65,1336126,6334,6400,7182112
2023-11-07 14:22,5845985,65,1336126,6334,6400,7182112
2023-11-07 14:23,5845985,65,1336126,6334,6400,7182112
2023-11-07 14:24,5845985,65,1336126,6334,6400,7182112
2023-11-07 14:25,5845985,65,1336126,6334,6400,7182112
2023-11-07 14:26,5845985,65,1336126,6334,6400,7182112
2023-11-07 14:27,5845985,65,1336126,6334,6400,7182112
2023-11-07 14:28,5845985,65,1336126,6334,6400,7182112
2023-11-07 14:29,5845985,65,1336126,6334,6400,7182112
2023-11-07 14:30,5845985,65,1336126,6334,6400,7182112
2023-11-07 14:31,5845985,65,1336126,6334,6400,7182112
2023-11-07 14:32,5845985,65,1336126,6334,6400,7182112
2023-11-07 14:33,5845985,65,1336126,6334,6400,7182112
2023-11-07 14:34,5845985,65,1336126,6334,6400,7182112
2023-11-07 14:35,5845985,65,1336126,6334,6400,7182112
2023-11-07 14:36,5845985,65,1336126,6334,6400,7182112
2023-11-07 14:37,5845985,65,1336126,6334,6400,7182112
2023-11-07 14:38,5845985,65,1336126,6334,6400,7182112
2023-11-07 14:39,5845985,65,1336126,6334,6400,7182112
2023-11-07 14:40,5845985,65,1336126,6334,6400,7182112
2023-11-07 14:41,5845985,65,1336126,6334,6400,7182112
2023-11-07 14:42,5845985,65,1336126,6334,6400,7182112
2023-11-07 14:43,5845985,65,1336126,6334,6400,7182112
2023-11-07 14:44,5845985,65,1336126,6334,6400,7182112
2023-11-07 14:45,5845985,65,1336126,6334,6400,7182112
2023-11-07 14:46,5845985,65,1336126,6334,6400,7182112
2023-11-07 14:47,5845985,65,1336126,6334,6400,7182112
2023-11-07 14:48,5845985,65,1336126,6334,6400,7182112
2023-11-07 14:49,5845985,65,1336126,6334,6400,7182112
2023-11-07 14:50,5845985,65,1336126,6334,6400,7182112
2023-11-07 14:51,5845985,65,1336126,6334,6400,7182112
2023-11-07 14:52,5845985,65,1336126,6334,6400,7182112
2023-11-07 14:53,5845985,65,1336126,6334,6400,7182112
2023-11-07 14:54,5845985,65,1336126,6334,6400,7182112
2023-11-07 14:55,5845985,65,1336126,6334,6400,7182112
2023-11-07 14:56,5845985,65,1336126,6334,6400,7182112
2023-11-07 14:57,5845985,65,1336126,6334,6400,7182112
2023-11-07 14:58,5845985,65,1336126,6334,6400,7182112
2023-11-07 14:59,5845985,65,1336126,6334,6400,7182112
2023-11-07 15:00,5845985,65,1336126,6334,6400,7182112
2023-11-07 15:01,5845985,65,1336126,6334,6400,7182112
2023-11-07 15:02,3995060,2065,3187093,4334,6400,7182153
2023-11-07 15:03,3995060,2065,3187093,4334,6400,7182153
2023-11-07 15:04,3995060,2065,3187093,4334,6400,7182153
2023-11-07 15:04,4272422,1765,2909843,4634,6400,7182265
2023-11-07 15:04,4549483,1465,2632923,4934,6400,7182406
2023-11-07 15:05,4549483,1465,2632923,4934,6400,7182406
2023-11-07 15:06,4549483,1465,2632923,4934,6400,7182406
2023-11-07 15:06,4641837,1365,2540604,5034,6400,7182442
2023-11-07 15:07,5565375,365,1617654,6034,6400,7183030
2023-11-07 15:08,5842136,65,1341054,6334,6400,7183191
2023-11-07 15:09,5842136,65,1341054,6334,6400,7183191
2023-11-07 15:10,5842136,65,1341054,6334,6400,7183191
2023-11-07 15:11,5842136,65,1341054,6334,6400,7183191
2023-11-07 15:12,5842136,65,1341054,6334,6400,7183191
2023-11-07 15:13,5842136,65,1341054,6334,6400,7183191
2023-11-07 15:14,5842136,65,1341054,6334,6400,7183191
2023-11-07 15:15,5842136,65,1341054,6334,6400,7183191
2023-11-07 15:16,5842136,65,1341054,6334,6400,7183191
2023-11-07 15:17,5842136,65,1341054,6334,6400,7183191
2023-11-07 15:18,5842136,65,1341054,6334,6400,7183191
2023-11-07 15:19,5842136,65,1341054,6334,6400,7183191
2023-11-07 15:20,5842136,65,1341054,6334,6400,7183191
2023-11-07 15:21,5842136,65,1341054,6334,6400,7183191
2023-11-07 15:22,5842136,65,1341054,6334,6400,7183191
2023-11-07 15:23,5842136,65,1341054,6334,6400,7183191
2023-11-07 15:24,5842136,65,1341054,6334,6400,7183191
2023-11-07 15:25,5842136,65,1341054,6334,6400,7183191
2023-11-07 15:26,5842136,65,1341054,6334,6400,7183191
2023-11-07 15:27,5842136,65,1341054,6334,6400,7183191
2023-11-07 15:28,5842136,65,1341054,6334,6400,7183191
2023-11-07 15:29,5842136,65,1341054,6334,6400,7183191
2023-11-07 15:30,5842136,65,1341054,6334,6400,7183191
2023-11-07 15:31,5842136,65,1341054,6334,6400,7183191
2023-11-07 15:32,5842136,65,1341054,6334,6400,7183191
2023-11-07 15:33,5842136,65,1341054,6334,6400,7183191
